2024-11-03 09:42:56 0.32 0.78 0.11 25.66 40.10 -22.39 0.85 walking
2024-11-03 09:42:57 0.19 1.02 0.12 -0.47 -30.82 12.40 1.04 walking
2024-11-03 09:42:58 0.32 1.05 0.22 2.41 -11.49 -8.73 1.12 walking
2024-11-03 09:42:59 0.48 1.10 0.23 -32.47 2.87 -5.06 1.22 walking
2024-11-03 09:43:00 0.21 1.34 -0.16 -46.47 138.74 85.17 1.37 walking
2024-11-03 09:43:01 0.36 1.00 0.18 -9.42 -51.40 -11.74 1.08 walking
2024-11-03 09:43:02 0.44 1.12 0.17 -19.82 -57.86 -8.41 1.22 walking
2024-11-03 09:43:03 0.49 1.04 0.16 -23.79 62.50 3.79 1.16 walking
2024-11-03 09:43:04 0.48 1.00 0.09 -3.58 78.63 -4.27 1.11 walking
2024-11-03 09:43:05 0.28 0.86 0.16 6.89 -22.79 -3.27 0.91 walking
2024-11-03 09:43:07 0.31 0.88 0.12 3.66 -14.70 -12.79 0.94 walking
2024-11-03 09:43:08 0.40 0.68 0.03 27.77 27.90 3.03 0.79 walking
2024-11-03 09:43:09 0.31 0.81 0.00 62.30 107.85 17.34 0.87 walking
2024-11-03 09:43:10 0.26 1.36 0.22 0.65 -22.02 40.32 1.40 walking
2024-11-03 09:43:11 0.21 1.08 0.29 -10.71 -30.61 18.11 1.14 walking
2024-11-03 09:43:12 0.22 0.95 0.20 11.27 57.42 23.22 1.00 walking
2024-11-03 09:43:13 0.35 0.92 0.07 40.19 152.95 20.82 0.98 walking
2024-11-03 09:43:14 0.18 1.07 -0.07 -5.43 -5.71 23.45 1.09 walking
2024-11-03 09:43:16 0.22 1.04 0.05 -31.89 8.08 -22.00 1.07 walking
2024-11-03 09:43:17 0.46 1.10 0.23 -28.15 -5.69 -10.53 1.22 walking
2024-11-03 09:43:18 0.51 0.94 0.04 4.52 107.66 12.79 1.07 walking
2024-11-03 09:43:19 0.36 0.68 0.03 36.94 64.69 1.85 0.77 walking
2024-11-03 09:43:20 0.49 1.03 0.08 -49.73 -51.82 8.57 1.15 walking
2024-11-03 09:43:21 0.25 1.01 0.38 7.24 4.21 12.53 1.11 walking
2024-11-03 09:43:22 0.22 0.87 0.20 10.56 98.14 17.11 0.92 walking
2024-11-03 09:43:23 0.27 0.88 -0.02 41.37 133.32 11.22 0.92 walking
2024-11-03 09:43:24 0.16 0.86 0.08 -6.80 -5.21 -17.35 0.88 walking
2024-11-03 09:43:26 0.34 1.05 0.06 -33.80 16.67 -27.59 1.11 walking
2024-11-03 09:43:27 0.45 1.05 0.16 -17.49 23.47 -7.06 1.16 walking
2024-11-03 09:43:28 0.46 0.83 0.03 31.24 83.63 4.66 0.95 walking
2024-11-03 09:43:29 0.17 0.68 0.12 10.69 20.38 -4.49 0.71 walking
2024-11-03 09:43:30 0.41 0.93 0.11 15.15 -8.85 -8.18 1.02 walking
2024-11-03 09:43:31 0.46 1.20 -0.00 -10.32 62.47 19.26 1.28 walking
2024-11-03 09:43:32 0.21 0.97 0.15 20.86 110.69 19.21 1.01 walking
2024-11-03 09:43:33 0.17 0.86 0.19 10.67 40.37 6.67 0.89 walking
2024-11-03 09:43:35 0.26 0.98 0.14 -7.26 -11.40 -11.76 1.02 walking
2024-11-03 09:43:36 0.11 0.90 0.06 19.11 21.53 -6.73 0.91 walking
2024-11-03 09:43:37 0.54 0.94 0.06 7.95 72.76 -4.36 1.09 walking
2024-11-03 09:43:38 0.31 0.81 0.15 12.72 -0.49 -7.44 0.88 walking
2024-11-03 09:43:39 0.21 0.76 0.15 11.65 14.39 -3.85 0.80 walking
2024-11-03 09:43:40 0.39 0.79 -0.03 2.34 15.51 5.22 0.88 walking
2024-11-03 09:43:41 0.31 0.96 0.15 17.10 164.69 30.31 1.02 walking
2024-11-03 09:43:42 0.19 1.03 0.19 -11.22 38.82 11.89 1.06 walking
2024-11-03 09:43:44 0.19 0.85 0.12 -1.84 -11.18 -1.45 0.88 walking
2024-11-03 09:43:45 0.14 0.81 0.12 7.18 21.75 7.91 0.83 walking
2024-11-03 09:43:46 0.27 0.98 0.11 24.15 136.13 9.25 1.02 walking
2024-11-03 09:43:47 0.26 1.06 -0.03 -9.69 29.03 11.28 1.09 walking
2024-11-03 09:43:48 0.31 1.09 0.28 -13.56 -4.57 -12.82 1.17 walking
2024-11-03 09:43:49 0.32 0.85 0.16 -0.85 -33.55 -9.20 0.92 walking
2024-11-03 09:43:50 0.34 0.78 0.04 30.91 72.83 12.11 0.86 walking
2024-11-03 09:43:51 0.45 1.12 0.07 6.97 111.69 33.23 1.21 walking
2024-11-03 09:43:53 0.18 1.01 0.23 -5.63 8.24 20.88 1.05 walking
2024-11-03 09:43:54 0.09 1.01 0.25 -5.95 2.23 22.41 1.04 walking
2024-11-03 09:43:55 0.22 0.79 0.15 29.31 91.46 23.59 0.84 walking
2024-11-03 09:43:56 0.39 0.85 0.09 20.69 191.44 38.68 0.94 walking
2024-11-03 09:43:57 0.22 0.91 0.01 -41.17 -20.38 -24.30 0.94 walking
2024-11-03 09:43:58 0.35 1.19 0.13 2.69 -9.54 4.82 1.25 walking
2024-11-03 09:43:59 0.45 0.83 0.03 8.08 18.08 -9.11 0.95 walking
2024-11-03 09:44:00 0.45 0.83 0.01 38.18 129.78 7.32 0.94 walking
2024-11-03 09:44:02 0.38 0.66 0.10 46.15 61.50 14.67 0.76 walking
2024-11-03 09:44:03 0.38 0.88 0.09 -45.56 29.71 -21.59 0.97 walking
2024-11-03 09:44:04 0.09 1.08 0.32 -4.95 46.13 26.31 1.13 walking
2024-11-03 09:44:05 0.21 0.94 0.20 15.60 92.12 27.57 0.98 walking
2024-11-03 09:44:06 0.17 0.91 0.13 38.11 118.59 3.05 0.93 walking
2024-11-03 09:44:07 0.12 0.64 0.19 -12.68 -85.61 -22.08 0.68 walking
2024-11-03 09:44:08 0.19 1.02 0.10 28.09 -27.65 -23.69 1.04 walking
2024-11-03 09:44:09 0.37 1.07 0.08 -28.18 76.49 -3.66 1.13 walking
2024-11-03 09:44:11 0.53 0.91 0.10 7.00 76.51 -5.04 1.06 walking
2024-11-03 09:44:12 0.49 0.85 0.17 3.79 -7.53 -8.05 1.00 walking
2024-11-03 09:44:14 0.31 0.85 0.10 5.80 -10.16 -8.25 0.91 walking
2024-11-03 09:44:15 0.23 1.33 0.29 54.19 32.08 44.30 1.38 walking
2024-11-03 09:44:16 0.42 0.88 0.06 40.68 66.94 19.89 0.98 walking
2024-11-03 09:44:18 0.24 1.07 0.12 -34.22 -26.20 -1.34 1.11 walking
2024-11-03 09:44:19 0.17 0.99 0.26 -17.06 -23.79 17.29 1.04 walking
2024-11-03 09:44:20 0.21 0.84 0.18 19.50 63.08 4.40 0.88 walking
2024-11-03 09:44:21 0.22 0.90 0.06 31.17 127.46 29.66 0.93 walking
2024-11-03 09:44:22 0.35 1.16 0.11 -41.51 17.53 -24.98 1.22 walking
2024-11-03 09:44:23 0.41 1.05 0.18 7.45 -11.97 10.01 1.13 walking
2024-11-03 09:44:24 0.37 0.82 0.11 19.60 7.36 -0.78 0.91 walking
2024-11-03 09:44:25 0.29 0.75 0.06 43.98 106.15 5.95 0.81 walking
2024-11-03 09:44:27 0.43 0.64 0.02 33.57 65.18 25.37 0.77 walking
2024-11-03 09:44:28 0.24 1.13 0.13 -49.44 -34.22 5.84 1.17 walking
2024-11-03 09:44:29 0.18 0.97 0.30 -11.59 -13.92 20.25 1.04 walking
2024-11-03 09:44:30 0.19 0.92 0.17 10.22 106.63 18.47 0.96 walking
2024-11-03 09:44:31 0.21 0.86 0.09 29.57 129.59 15.22 0.89 walking
2024-11-03 09:44:32 0.09 1.04 -0.06 -29.71 -34.50 -14.19 1.04 walking
2024-11-03 09:44:33 0.38 1.19 0.18 -7.11 17.78 18.44 1.27 walking
2024-11-03 09:44:34 0.36 1.01 0.10 2.83 33.27 2.81 1.08 walking
2024-11-03 09:44:36 0.45 0.86 0.03 11.81 101.27 -1.02 0.97 walking
2024-11-03 09:44:37 0.12 0.77 0.16 -7.66 5.75 -17.87 0.79 walking
2024-11-03 09:44:38 0.52 1.21 0.17 51.87 14.87 4.40 1.32 walking
2024-11-03 09:44:39 0.41 1.24 0.35 14.15 -7.37 37.14 1.35 walking
2024-11-03 09:44:40 0.14 0.99 0.17 9.56 133.15 18.38 1.01 walking
2024-11-03 09:44:41 0.17 0.86 0.14 12.49 67.66 0.67 0.88 walking
2024-11-03 09:44:42 0.14 0.91 0.15 8.20 -35.95 -8.17 0.94 walking
2024-11-03 09:44:43 0.18 0.68 0.14 4.86 16.96 8.18 0.72 walking
2024-11-03 09:44:44 -0.07 -0.31 -0.07 -67.56 50.68 109.70 0.33 walking
2024-11-03 09:44:45 0.55 0.95 0.09 16.58 66.58 -1.73 1.10 walking
2024-11-03 09:44:47 0.22 0.95 0.13 34.87 -9.29 7.05 0.98 walking
2024-11-03 09:44:48 0.34 0.84 -0.10 2.66 13.19 -10.98 0.91 walking
2024-11-03 09:44:49 0.37 0.90 -0.02 -24.84 62.08 -17.76 0.97 walking
2024-11-03 09:44:50 0.19 0.99 0.22 11.08 118.02 28.76 1.03 walking
2024-11-03 09:44:51 0.15 0.95 0.17 7.69 58.82 12.62 0.97 walking
2024-11-03 09:44:52 0.20 0.77 0.11 20.05 -10.02 4.28 0.80 walking
2024-11-03 09:44:53 0.12 0.79 0.12 11.51 15.30 7.21 0.81 walking
2024-11-03 09:44:54 0.13 0.85 0.10 17.53 146.93 9.01 0.87 walking
2024-11-03 09:44:55 0.17 0.98 0.03 32.58 76.67 7.12 0.99 walking
2024-11-03 09:44:57 0.05 0.83 0.09 0.08 -27.70 -18.43 0.83 walking
2024-11-03 09:44:58 0.24 1.14 0.08 -39.36 11.50 -8.85 1.17 walking
2024-11-03 09:44:59 0.45 1.09 0.17 -4.83 24.46 7.76 1.19 walking
2024-11-03 09:45:00 0.45 0.85 0.09 24.11 77.24 12.33 0.97 walking
2024-11-03 09:45:03 0.39 0.71 0.12 15.06 -16.09 -8.34 0.82 walking
2024-11-03 09:45:04 0.28 0.92 -0.09 29.65 174.63 37.46 0.96 walking
2024-11-03 09:45:05 0.12 0.98 0.07 12.22 5.06 -1.89 0.99 walking
2024-11-03 09:45:06 0.09 0.93 0.03 -29.40 -19.81 -17.92 0.93 walking
2024-11-03 09:45:07 0.22 1.10 0.12 -44.32 52.82 -38.30 1.12 walking
2024-11-03 09:45:08 0.47 1.04 0.09 7.53 75.11 13.70 1.14 walking
2024-11-03 09:45:10 0.48 0.86 0.09 34.41 30.24 17.68 0.99 walking
2024-11-03 09:45:11 0.29 0.87 0.12 9.04 5.08 -8.42 0.93 walking
2024-11-03 09:45:12 0.43 0.78 -0.05 -3.69 18.96 -1.21 0.89 walking
2024-11-03 09:45:13 0.23 1.05 0.34 -3.60 68.31 31.37 1.12 walking
2024-11-03 09:45:14 0.22 0.89 0.21 6.63 74.76 20.32 0.93 walking
2024-11-03 09:45:15 0.15 1.01 0.27 -3.01 -13.79 17.03 1.05 walking
2024-11-03 09:45:16 0.07 0.98 0.23 -7.76 -16.72 8.23 1.01 walking
2024-11-03 09:45:17 0.20 0.83 0.20 12.89 56.03 3.06 0.87 walking
2024-11-03 09:45:19 0.16 0.86 0.08 18.27 129.89 18.45 0.88 walking
2024-11-03 09:45:20 0.20 0.90 0.06 18.75 62.82 14.53 0.93 walking
2024-11-03 09:45:21 0.41 1.20 0.16 -4.72 32.76 6.76 1.28 walking
2024-11-03 09:45:22 0.28 1.04 0.15 -5.93 -27.90 0.17 1.09 walking
2024-11-03 09:45:23 0.28 0.97 0.22 -5.60 -76.22 -21.91 1.03 walking
2024-11-03 09:45:24 -0.02 0.78 0.20 1.00 -95.17 -17.11 0.81 walking
2024-11-03 09:45:25 0.10 0.95 0.20 -10.13 -40.88 -15.05 0.98 walking
2024-11-03 09:45:27 0.12 0.96 0.16 25.40 -42.63 -23.84 0.98 walking
2024-11-03 09:45:28 0.13 0.72 0.12 15.24 29.15 -6.82 0.74 walking
2024-11-03 09:45:29 0.21 0.84 0.05 20.79 58.73 7.23 0.87 walking
2024-11-03 09:45:30 0.07 0.11 0.01 38.92 138.09 30.58 0.13 walking
2024-11-03 09:45:31 -0.01 1.54 0.19 -24.44 2.34 0.79 1.55 walking
2024-11-03 09:45:32 -0.04 1.14 0.35 -12.27 -11.22 15.31 1.19 walking
2024-11-03 09:45:33 0.03 0.95 0.14 -0.71 68.98 4.31 0.96 walking
2024-11-03 09:45:34 0.05 0.94 0.01 -7.48 169.05 22.94 0.94 walking
2024-11-03 09:45:35 -0.09 0.93 -0.11 -26.05 -11.67 4.65 0.94 walking
2024-11-03 09:45:36 0.05 1.19 0.12 16.57 -33.23 -24.61 1.20 walking
2024-11-03 09:45:38 0.06 1.12 0.15 0.27 -13.18 -18.66 1.13 walking
2024-11-03 09:45:39 0.20 0.85 -0.08 23.18 106.33 3.24 0.87 walking
2024-11-03 09:45:40 0.18 0.67 -0.04 14.46 72.76 -10.18 0.70 walking
2024-11-03 09:45:41 -0.14 1.32 0.35 1.88 -10.46 8.08 1.37 walking
2024-11-03 09:45:43 -0.21 1.13 0.34 -14.94 -2.41 15.18 1.20 walking
2024-11-03 09:45:44 0.17 1.15 0.02 -15.37 63.50 -3.71 1.16 walking
2024-11-03 09:45:45 0.11 0.94 0.05 1.78 -11.32 -11.56 0.94 walking
2024-11-03 09:45:46 0.04 1.00 0.08 7.76 32.04 -1.22 1.00 walking
2024-11-03 09:45:47 -0.08 1.29 0.10 -37.29 -21.70 6.21 1.30 walking
2024-11-03 09:45:48 -0.08 1.13 0.13 -25.11 103.74 19.47 1.14 walking
2024-11-03 09:45:50 -0.08 1.13 0.13 -25.11 103.74 19.47 1.14 walking
2024-11-03 09:45:53 -0.08 1.13 0.13 -25.11 103.74 19.47 1.14 walking
2024-11-03 09:45:54 -0.08 1.13 0.13 -25.11 103.74 19.47 1.14 walking
2024-11-03 09:45:55 -0.08 1.13 0.13 -25.11 103.74 19.47 1.14 walking
2024-11-03 09:45:56 -0.08 1.13 0.13 -25.11 103.74 19.47 1.14 walking
2024-11-03 09:45:57 -0.08 1.13 0.13 -25.11 103.74 19.47 1.14 walking
2024-11-03 09:45:58 -0.08 1.13 0.13 -25.11 103.74 19.47 1.14 walking
2024-11-03 09:45:59 -0.08 1.13 0.13 -25.11 103.74 19.47 1.14 walking
2024-11-03 09:46:01 -0.08 1.13 0.13 -25.11 103.74 19.47 1.14 walking
2024-11-03 09:46:02 -0.08 1.13 0.13 -25.11 103.74 19.47 1.14 walking
2024-11-03 09:46:03 -0.08 1.13 0.13 -25.11 103.74 19.47 1.14 walking
2024-11-03 09:46:04 0.26 1.04 -0.08 2.34 69.99 14.92 1.07 walking
2024-11-03 09:46:05 0.02 0.80 0.08 5.73 -42.85 -9.11 0.81 walking
2024-11-03 09:46:06 -0.06 0.79 0.09 1.44 25.90 -10.14 0.79 walking
2024-11-03 09:46:07 -0.06 0.79 0.09 1.44 25.90 -10.14 0.79 walking
2024-11-03 09:46:08 -0.06 0.79 0.09 1.44 25.90 -10.14 0.79 walking
2024-11-03 09:46:10 -0.06 0.79 0.09 1.44 25.90 -10.14 0.79 walking
2024-11-03 09:46:11 -0.06 0.79 0.09 1.44 25.90 -10.14 0.79 walking
2024-11-03 09:46:12 -0.06 0.79 0.09 1.44 25.90 -10.14 0.79 walking
2024-11-03 09:46:13 -0.06 0.79 0.09 1.44 25.90 -10.14 0.79 walking
2024-11-03 09:46:14 -0.06 0.79 0.09 1.44 25.90 -10.14 0.79 walking
2024-11-03 09:46:15 -0.06 0.79 0.09 1.44 25.90 -10.14 0.79 walking
