2024-11-01 11:57:00 -0.09 -0.36 -0.20 -58.82 -91.16 -61.42 0.42 running
2024-11-01 11:57:01 0.02 -0.25 -1.29 -181.97 -55.95 184.90 1.31 running
2024-11-01 11:57:02 0.51 1.69 0.05 20.24 45.77 31.81 1.77 running
2024-11-01 11:57:03 0.07 0.56 0.26 64.96 -72.73 -35.63 0.62 running
2024-11-01 11:57:05 -0.13 1.68 1.14 -200.86 116.74 -103.55 2.03 running
2024-11-01 11:57:11 0.37 0.00 -0.22 -10.94 6.30 61.17 0.43 running
2024-11-01 11:57:14 0.00 0.34 -0.18 -13.82 79.22 -10.43 0.38 running
2024-11-01 11:57:16 0.60 1.33 0.55 -94.47 -10.66 36.31 1.56 running
2024-11-01 11:57:17 0.20 -0.14 -0.09 65.31 153.98 49.98 0.26 running
2024-11-01 11:57:20 0.13 0.07 -0.62 -89.54 -158.12 29.60 0.64 running
2024-11-01 11:57:21 0.14 2.00 -1.20 -76.84 -131.04 -250.14 2.34 running
2024-11-01 11:57:22 -0.24 1.80 -0.57 3.83 -30.54 -40.56 1.90 running
2024-11-01 11:57:24 0.53 1.75 0.56 56.56 75.24 -156.50 1.91 running
2024-11-01 11:57:25 -0.09 1.62 0.36 -56.11 -218.87 222.56 1.66 running
2024-11-01 11:57:26 0.34 1.61 0.55 -0.67 9.98 14.47 1.73 running
2024-11-01 11:57:27 -0.33 1.35 -0.85 68.94 250.13 5.58 1.63 running
2024-11-01 11:57:28 -0.11 0.30 -0.14 -100.21 -112.13 43.47 0.35 running
2024-11-01 11:57:30 0.04 0.39 -0.31 3.34 -151.29 -35.66 0.50 running
2024-11-01 11:57:31 0.45 1.44 -0.41 -32.72 -7.16 -238.56 1.56 running
2024-11-01 11:57:35 -0.65 2.00 -0.17 -31.50 -250.14 53.27 2.11 running
2024-11-01 11:57:36 0.06 0.56 -0.24 -92.24 -58.42 114.86 0.61 running
2024-11-01 11:57:37 -0.07 0.09 -0.06 -28.53 142.81 11.56 0.13 running
2024-11-01 11:57:38 0.07 0.09 0.19 -94.95 -56.40 40.43 0.22 running
2024-11-01 11:57:40 0.19 -0.10 -0.11 -124.49 -250.14 -5.74 0.24 running
2024-11-01 11:57:43 0.78 1.69 -0.08 -18.49 -40.17 -153.66 1.86 running
2024-11-01 11:57:44 0.29 2.00 1.13 -21.41 -25.41 2.24 2.32 running
2024-11-01 11:57:46 0.33 1.10 1.03 -2.15 -67.90 77.89 1.54 running
2024-11-01 11:57:49 0.68 1.27 -0.42 6.31 114.06 -48.31 1.50 running
2024-11-01 11:57:51 -0.46 -0.43 0.12 -56.46 -1.68 -83.37 0.64 running
2024-11-01 11:57:52 -0.66 1.81 -0.33 -51.28 -235.12 215.18 1.95 running
2024-11-01 11:57:53 -0.05 0.45 -0.04 -37.49 -68.11 -41.82 0.45 running
2024-11-01 11:57:54 0.50 1.38 -0.52 -66.31 128.98 -82.63 1.56 running
2024-11-01 11:57:55 0.39 -0.14 -0.43 -33.11 12.02 -53.43 0.60 running
2024-11-01 11:57:56 -0.13 2.00 0.08 11.20 8.36 127.94 2.01 running
2024-11-01 11:57:57 -0.01 0.46 0.31 39.95 -76.12 6.02 0.55 running
2024-11-01 11:58:00 0.11 0.30 -0.11 75.87 178.19 27.15 0.34 running
2024-11-01 11:58:01 0.01 0.34 0.27 9.69 21.37 36.84 0.43 running
2024-11-01 11:58:04 -0.08 0.13 -0.19 -37.07 -97.34 64.22 0.24 running
2024-11-01 11:58:06 -0.20 -0.11 -0.27 -11.87 44.53 163.67 0.35 running
2024-11-01 11:58:07 -0.02 -0.21 -0.26 -189.13 -102.79 47.47 0.33 running
2024-11-01 11:58:09 0.11 1.41 0.07 22.01 53.31 -8.61 1.42 running
2024-11-01 11:58:10 0.16 0.08 0.42 -53.47 -23.30 6.63 0.46 running
2024-11-01 11:58:11 0.77 1.56 0.43 -78.50 0.66 -18.67 1.79 running
2024-11-01 11:58:12 -0.27 1.81 -0.36 4.58 90.78 136.83 1.87 running
2024-11-01 11:58:13 0.23 0.40 -0.42 72.10 115.90 -28.81 0.62 running
2024-11-01 11:58:14 0.29 1.66 0.15 -53.99 -129.56 -156.54 1.69 running
2024-11-01 11:58:15 -0.46 2.00 0.03 58.36 158.33 -154.22 2.05 running
2024-11-01 11:58:16 -0.47 1.98 -0.61 -22.88 -12.16 -17.95 2.12 running
2024-11-01 11:58:18 0.25 2.00 -0.05 29.54 -156.11 102.69 2.02 running
2024-11-01 11:58:19 -0.06 1.74 1.02 100.93 -85.71 -49.01 2.02 running
2024-11-01 11:58:20 0.12 1.77 0.85 96.64 250.13 -26.01 1.97 running
2024-11-01 11:58:21 0.10 2.00 -0.51 140.63 19.46 -16.26 2.07 running
2024-11-01 11:58:25 0.08 2.00 0.52 25.28 100.48 24.48 2.07 running
2024-11-01 11:58:31 0.23 1.08 0.72 -65.03 44.81 -48.96 1.32 running
2024-11-01 11:58:32 -0.02 0.36 -0.18 33.44 93.94 53.71 0.40 running
2024-11-01 11:58:33 -0.27 0.98 -0.66 77.72 172.23 31.07 1.21 running
2024-11-01 11:58:35 -0.43 -0.05 -0.47 0.39 -16.84 -92.85 0.64 running
2024-11-01 11:58:36 0.35 0.42 0.27 -60.18 -46.52 -33.11 0.61 running
2024-11-01 11:58:39 0.29 0.26 0.25 -50.02 84.85 -49.98 0.46 running
2024-11-01 11:58:40 -0.11 -0.19 0.20 -77.18 55.26 -51.56 0.30 running
2024-11-01 11:58:42 0.51 2.00 1.73 -5.25 64.51 11.73 2.69 running
2024-11-01 11:58:43 -0.03 0.42 0.19 76.84 159.89 57.58 0.46 running
2024-11-01 11:58:44 0.25 2.00 -0.36 37.83 117.40 0.01 2.05 running
2024-11-01 11:58:45 -0.57 1.18 -0.38 25.25 1.13 108.92 1.36 running
2024-11-01 11:58:47 0.13 0.23 -0.03 -6.50 -62.60 23.56 0.27 running
2024-11-01 11:58:50 0.37 1.02 1.54 23.54 208.75 -13.02 1.88 running
2024-11-01 11:58:51 -0.08 1.25 0.22 -15.77 -110.95 -74.14 1.27 running
2024-11-01 11:58:52 -0.11 0.09 0.08 -21.04 -180.04 28.02 0.16 running
2024-11-01 11:58:53 -0.12 0.04 -0.11 -37.08 -85.43 26.80 0.17 running
2024-11-01 11:58:55 0.36 0.47 0.15 -19.21 70.03 12.65 0.61 running
2024-11-01 11:58:56 0.17 1.37 0.38 39.95 104.60 78.10 1.43 running
2024-11-01 11:58:57 0.42 0.26 -0.01 16.81 -17.49 81.20 0.49 running
2024-11-01 11:58:59 -0.02 1.50 -0.30 33.33 131.76 67.81 1.53 running
2024-11-01 11:59:00 0.27 1.17 0.25 -25.39 -51.50 186.44 1.23 running
2024-11-01 11:59:01 0.05 0.25 -0.01 23.84 169.66 30.95 0.26 running
2024-11-01 11:59:03 -0.05 0.41 -0.17 -18.45 -107.37 61.61 0.45 running
2024-11-01 11:59:05 0.54 2.00 0.51 -66.84 -250.14 156.66 2.13 running
2024-11-01 11:59:06 0.73 2.00 0.57 26.76 154.42 3.75 2.20 running
2024-11-01 11:59:10 0.45 2.00 -0.24 79.01 53.90 7.32 2.06 running
2024-11-01 11:59:11 0.14 1.57 0.77 114.17 244.18 45.81 1.75 running
2024-11-01 11:59:12 0.29 1.98 1.53 -165.60 -250.14 -96.37 2.52 running
2024-11-01 11:59:13 -0.29 -0.10 -0.40 -104.08 -154.36 105.51 0.50 running
2024-11-01 11:59:14 0.20 1.94 0.59 -2.12 1.76 -8.94 2.04 running
2024-11-01 11:59:17 0.36 2.00 0.75 25.08 -164.63 169.59 2.17 running
2024-11-01 11:59:18 0.28 0.90 0.24 -0.31 -32.35 -15.52 0.97 running
2024-11-01 11:59:19 -0.01 0.45 0.31 -88.22 -102.23 34.77 0.55 running
2024-11-01 11:59:20 0.05 0.22 0.15 -104.22 -247.65 -45.48 0.27 running
2024-11-01 11:59:22 0.60 2.00 2.00 72.57 67.06 -248.99 2.89 running
2024-11-01 11:59:23 0.28 1.95 -0.16 33.94 9.22 -15.39 1.98 running
2024-11-01 11:59:25 -0.11 1.40 0.64 93.67 250.13 75.36 1.54 running
2024-11-01 11:59:27 0.21 0.46 -0.36 -83.15 -182.50 -76.15 0.62 running
2024-11-01 11:59:30 -0.03 -0.56 -1.66 -80.71 14.28 -92.53 1.75 running
2024-11-01 11:59:31 0.06 0.22 0.15 -89.31 66.69 -95.08 0.27 running
2024-11-01 11:59:32 -0.75 0.16 -1.30 85.38 -34.69 151.05 1.51 running
2024-11-01 11:59:34 -0.22 0.26 0.00 -36.55 -134.71 -94.82 0.34 running
2024-11-01 11:59:35 0.13 2.00 0.45 6.09 -68.82 101.83 2.05 running
2024-11-01 11:59:36 -0.01 0.44 0.17 -54.31 170.27 -12.24 0.47 running
2024-11-01 11:59:38 0.73 1.90 0.29 -11.98 -19.63 -65.40 2.06 running
2024-11-01 11:59:39 -0.50 1.11 -0.80 -70.47 -250.14 56.73 1.46 running
2024-11-01 11:59:40 0.09 2.00 0.75 53.58 146.81 -77.56 2.14 running
2024-11-01 11:59:41 -0.04 0.26 0.39 -25.34 -26.73 32.52 0.47 running
2024-11-01 11:59:43 -0.82 2.00 0.96 45.84 250.13 -156.30 2.37 running
2024-11-01 11:59:46 -0.14 0.39 -0.11 -88.25 -191.18 4.95 0.43 running
2024-11-01 11:59:47 0.21 0.40 0.82 -61.66 9.16 14.71 0.94 running
2024-11-01 11:59:48 0.28 0.37 -0.35 250.13 -223.50 -250.14 0.58 running
2024-11-01 11:59:49 -0.11 0.27 -0.19 76.92 118.76 -30.21 0.35 running
2024-11-01 11:59:50 -0.42 1.88 1.48 142.62 250.13 -227.33 2.43 running
2024-11-01 11:59:51 -0.05 2.00 0.22 -23.64 -250.14 45.24 2.01 running
2024-11-01 11:59:54 -0.19 0.12 -0.31 12.37 91.02 125.24 0.38 running
2024-11-01 11:59:55 0.63 1.33 0.92 -31.53 74.85 -36.28 1.74 running
2024-11-01 11:59:57 1.04 0.90 1.38 11.24 92.73 -127.27 1.95 running
2024-11-01 11:59:58 0.18 1.18 -0.40 34.38 -3.40 79.24 1.26 running
2024-11-01 11:59:59 -0.09 -0.25 -0.31 -163.19 144.05 54.89 0.41 running
2024-11-01 12:00:00 1.02 1.63 0.54 -100.36 48.37 -83.00 2.00 running
2024-11-01 12:00:01 0.11 -0.08 -0.14 25.37 44.81 36.09 0.20 running
2024-11-01 12:00:04 0.56 1.79 -0.23 -9.32 -164.86 -57.14 1.89 running
2024-11-01 12:00:05 -0.07 1.29 -0.47 -11.14 -158.97 51.95 1.37 running
2024-11-03 09:19:32 0.12 0.98 0.11 -3.67 -4.79 1.76 0.99 standing
2024-11-03 09:19:33 0.12 0.99 0.09 -5.32 -1.11 0.49 1.00 standing
2024-11-03 09:19:35 0.11 0.98 0.14 -2.18 -3.12 2.51 1.00 standing
2024-11-03 09:19:36 0.10 0.98 0.13 -0.61 -0.43 1.31 0.99 standing
2024-11-03 09:19:37 0.12 0.98 0.15 -1.01 0.89 1.63 1.00 standing
2024-11-03 09:19:38 0.10 0.96 0.11 -1.89 -0.98 0.99 0.98 standing
2024-11-03 09:19:39 0.11 0.97 0.14 -1.09 -1.37 0.51 0.98 standing
2024-11-03 09:19:40 0.10 0.98 0.14 0.53 -2.65 2.11 0.99 standing
2024-11-03 09:19:41 0.09 0.98 0.13 -0.30 0.98 1.63 0.99 standing
2024-11-03 09:19:42 0.10 0.97 0.14 -1.94 -1.68 0.90 0.99 standing
2024-11-03 09:19:43 0.09 0.97 0.13 -1.57 -3.13 0.95 0.98 standing
2024-11-03 09:19:44 0.10 0.98 0.15 -2.72 -0.31 1.49 1.00 standing
2024-11-03 09:19:45 0.09 0.97 0.12 -3.79 -0.82 1.19 0.98 standing
2024-11-03 09:19:46 0.10 0.98 0.12 -2.37 -0.15 0.74 0.99 standing
2024-11-03 09:19:48 0.08 0.98 0.15 0.69 -1.50 1.61 1.00 standing
2024-11-03 09:19:49 0.08 0.98 0.15 2.33 4.64 0.86 0.99 standing
2024-11-03 09:19:50 0.10 0.97 0.14 0.08 0.85 0.01 0.98 standing
2024-11-03 09:19:51 0.09 0.98 0.16 -1.86 0.29 2.15 0.99 standing
2024-11-03 09:19:52 0.08 0.97 0.14 -1.81 0.65 0.66 0.98 standing
2024-11-03 09:19:53 0.07 0.97 0.13 -1.41 -0.47 0.61 0.98 standing
2024-11-03 09:19:54 0.07 0.97 0.14 -1.44 1.56 1.09 0.98 standing
2024-11-03 09:19:55 0.06 0.96 0.14 -1.80 -1.23 0.76 0.98 standing
2024-11-03 09:19:56 0.05 0.97 0.13 -2.88 2.99 -0.87 0.98 standing
2024-11-03 09:19:58 0.06 0.97 0.15 -3.02 -0.62 0.56 0.99 standing
2024-11-03 09:20:00 0.07 0.96 0.18 -3.17 -1.34 0.85 0.98 standing
2024-11-03 09:20:01 0.08 0.97 0.19 -2.14 -4.00 1.31 0.99 standing
2024-11-03 09:20:02 0.08 0.96 0.19 -2.24 1.25 0.96 0.98 standing
2024-11-03 09:20:03 0.05 0.97 0.22 -1.64 -2.91 3.18 0.99 standing
2024-11-03 09:20:04 0.07 0.96 0.19 -1.63 1.55 1.75 0.98 standing
2024-11-03 09:20:06 0.07 0.98 0.16 -2.60 1.69 2.15 1.00 standing
2024-11-03 09:20:07 0.06 0.98 0.17 -3.47 -2.03 1.18 0.99 standing
2024-11-03 09:20:09 0.06 0.96 0.19 -3.79 -0.22 2.85 0.98 standing
2024-11-03 09:20:10 0.06 0.96 0.18 -2.18 -0.38 1.76 0.98 standing
2024-11-03 09:20:11 0.06 0.97 0.21 -3.53 -1.51 4.11 0.99 standing
2024-11-03 09:20:12 0.06 0.96 0.20 -2.18 1.55 1.45 0.99 standing
2024-11-03 09:20:13 0.05 0.97 0.18 -1.76 -0.92 1.52 0.99 standing
2024-11-03 09:20:14 0.05 0.97 0.20 -4.01 0.40 0.82 0.99 standing
2024-11-03 09:20:15 0.06 0.97 0.21 -1.68 -1.80 0.53 0.99 standing
2024-11-03 09:20:16 0.06 0.96 0.19 -1.50 -0.76 1.75 0.98 standing
2024-11-03 09:20:17 0.05 0.95 0.20 -0.19 1.17 1.60 0.98 standing
2024-11-03 09:20:19 0.05 0.97 0.17 -1.67 2.46 0.92 0.98 standing
2024-11-03 09:20:20 0.04 0.97 0.18 -0.31 2.76 1.28 0.98 standing
2024-11-03 09:20:21 0.05 0.97 0.20 -0.45 3.43 1.27 0.99 standing
2024-11-03 09:20:22 0.03 0.96 0.22 0.19 -0.15 1.77 0.99 standing
2024-11-03 09:20:23 0.05 0.96 0.22 -0.49 0.97 1.63 0.99 standing
2024-11-03 09:20:24 0.05 0.98 0.13 -4.63 -2.98 0.30 0.99 standing
2024-11-03 09:20:25 0.04 0.96 0.19 -0.26 1.31 1.52 0.98 standing
2024-11-03 09:20:26 0.04 0.97 0.17 -1.18 -0.39 1.11 0.98 standing
2024-11-03 09:20:27 0.04 0.96 0.18 -2.27 -0.85 1.63 0.98 standing
2024-11-03 09:20:28 0.05 0.97 0.22 0.56 0.37 2.02 1.00 standing
2024-11-03 09:20:29 0.04 0.97 0.19 -2.24 1.05 1.12 0.99 standing
2024-11-03 09:20:31 0.04 0.96 0.18 -1.62 -1.40 0.98 0.98 standing
2024-11-03 09:20:32 0.04 0.97 0.16 -2.31 -1.13 0.66 0.99 standing
2024-11-03 09:20:33 0.03 0.97 0.17 -1.02 -1.93 2.06 0.99 standing
2024-11-03 09:20:34 0.03 0.97 0.17 -1.06 0.51 1.60 0.99 standing
2024-11-03 09:20:35 0.03 0.97 0.17 -2.14 1.21 0.90 0.99 standing
2024-11-03 09:20:36 0.02 0.97 0.19 -2.80 -1.79 1.28 0.99 standing
2024-11-03 09:20:37 0.02 0.97 0.16 -2.53 2.76 1.31 0.98 standing
2024-11-03 09:20:38 0.03 0.96 0.18 -2.57 -4.17 -0.17 0.98 standing
2024-11-03 09:20:40 0.03 0.98 0.19 -2.66 -0.99 1.86 1.00 standing
2024-11-03 09:20:41 0.03 0.97 0.17 -1.34 0.87 1.38 0.98 standing
2024-11-03 09:20:42 0.03 0.96 0.17 -1.53 -1.68 1.87 0.98 standing
2024-11-03 09:20:43 0.03 0.96 0.16 -2.11 -0.98 1.24 0.98 standing
2024-11-03 09:20:44 0.04 0.98 0.16 -2.24 -0.63 1.37 0.99 standing
2024-11-03 09:20:45 0.03 0.98 0.21 -1.43 -3.95 0.62 1.00 standing
2024-11-03 09:20:46 0.03 0.97 0.19 -2.35 -0.84 0.86 0.99 standing
2024-11-03 09:20:47 0.04 0.98 0.18 -1.98 0.86 1.37 0.99 standing
2024-11-03 09:20:48 0.02 0.96 0.17 -3.79 -2.69 0.69 0.98 standing
2024-11-03 09:20:49 0.02 0.97 0.19 -1.50 2.14 1.47 0.99 standing
2024-11-03 09:20:51 0.03 0.97 0.18 -2.12 0.52 1.60 0.98 standing
2024-11-03 09:20:52 0.01 0.97 0.16 -1.42 2.20 0.86 0.98 standing
2024-11-03 09:20:53 0.02 0.96 0.18 -3.68 -2.21 1.29 0.98 standing
2024-11-03 09:20:55 0.01 0.97 0.16 -3.73 2.28 -0.68 0.98 standing
2024-11-03 09:20:59 0.02 0.96 0.15 -0.08 -0.68 0.64 0.98 standing
2024-11-03 09:21:00 0.01 0.97 0.13 -1.31 2.21 0.51 0.98 standing
2024-11-03 09:21:02 0.03 0.99 0.19 -2.05 5.40 -0.24 1.01 standing
2024-11-03 09:21:03 0.03 0.97 0.19 -2.47 -0.13 1.55 0.99 standing
2024-11-03 09:21:04 0.01 0.96 0.19 -0.06 0.05 3.00 0.98 standing
2024-11-03 09:21:05 0.01 0.97 0.20 -3.04 0.47 0.14 0.99 standing
2024-11-03 09:21:06 0.01 0.98 0.19 -3.18 -0.31 1.02 0.99 standing
2024-11-03 09:21:07 0.01 0.95 0.22 -0.79 -0.11 1.73 0.98 standing
2024-11-03 09:21:09 0.00 0.96 0.21 -1.35 0.43 1.16 0.99 standing
2024-11-03 09:21:10 0.00 0.96 0.21 -3.21 -1.28 0.21 0.99 standing
2024-11-03 09:21:12 0.01 0.98 0.21 -1.98 1.70 0.56 1.00 standing
2024-11-03 09:21:13 0.00 0.96 0.21 -2.58 -1.85 0.21 0.98 standing
2024-11-03 09:21:14 -0.00 0.95 0.21 -1.95 0.99 2.03 0.98 standing
2024-11-03 09:21:15 0.00 0.96 0.19 -1.06 0.03 0.98 0.98 standing
2024-11-03 09:21:16 -0.01 0.96 0.20 -3.53 -2.09 0.90 0.98 standing
2024-11-03 09:21:19 0.00 0.96 0.18 -3.48 0.64 0.32 0.98 standing
2024-11-03 09:21:20 -0.01 0.97 0.17 -2.08 -3.18 0.79 0.98 standing
2024-11-03 09:21:21 -0.00 0.95 0.24 -1.22 0.06 1.63 0.98 standing
2024-11-03 09:21:22 -0.00 0.95 0.17 0.57 2.83 1.29 0.97 standing
2024-11-03 09:21:23 0.00 0.97 0.21 -0.53 -2.73 0.46 0.99 standing
2024-11-03 09:21:24 -0.01 0.96 0.20 -2.54 -2.40 0.79 0.98 standing
2024-11-03 09:21:25 -0.02 0.96 0.21 -2.46 0.83 2.37 0.98 standing
2024-11-03 09:21:26 -0.01 0.96 0.20 -3.38 -0.15 -0.11 0.98 standing
2024-11-03 09:21:27 -0.02 0.95 0.20 -1.30 -0.85 1.15 0.97 standing
2024-11-03 09:21:28 -0.01 0.97 0.21 -1.10 1.40 1.92 0.99 standing
2024-11-03 09:21:29 -0.00 0.96 0.20 -2.74 2.74 1.47 0.98 standing
2024-11-03 09:21:30 -0.02 0.96 0.20 -2.69 -1.02 1.21 0.98 standing
2024-11-03 09:21:31 0.00 0.96 0.23 -3.01 -1.29 0.82 0.98 standing
2024-11-03 09:21:32 0.00 0.95 0.22 -1.68 -1.16 1.56 0.98 standing
2024-11-03 09:21:33 -0.01 0.95 0.20 -1.27 -0.66 1.59 0.97 standing
2024-11-03 09:21:34 -0.01 0.96 0.21 -1.35 -1.71 0.79 0.98 standing
2024-11-03 09:21:35 -0.01 0.96 0.20 -1.02 0.18 1.71 0.98 standing
2024-11-03 09:21:37 -0.01 0.96 0.19 -2.28 0.21 1.44 0.98 standing
2024-11-03 09:21:38 -0.00 0.96 0.20 -2.61 -1.48 1.60 0.98 standing
2024-11-03 09:21:39 -0.01 0.96 0.22 -2.61 -1.40 0.79 0.99 standing
2024-11-03 09:21:40 -0.01 0.96 0.23 -0.88 1.79 1.86 0.99 standing
2024-11-03 09:21:41 -0.01 0.96 0.21 -1.65 -0.76 1.37 0.98 standing
2024-11-03 09:21:42 -0.00 0.96 0.22 -0.67 0.33 1.37 0.98 standing
2024-11-03 09:21:43 -0.01 0.95 0.21 -2.89 -0.56 1.85 0.98 standing
2024-11-03 09:21:44 -0.00 0.97 0.22 -1.43 1.55 1.36 0.99 standing
2024-11-03 09:21:45 0.00 0.96 0.19 -2.46 -3.68 0.41 0.98 standing
2024-11-03 09:21:46 -0.01 0.97 0.25 1.92 1.66 1.89 1.00 standing
2024-11-03 09:21:47 -0.00 0.95 0.17 2.10 0.66 1.15 0.97 standing
2024-11-03 09:21:49 0.00 0.97 0.19 -2.66 0.30 1.15 0.98 standing
2024-11-03 09:21:50 -0.00 0.97 0.21 -0.94 1.98 1.39 0.99 standing
2024-11-03 09:21:51 -0.01 0.97 0.18 -2.60 0.58 1.24 0.99 standing
2024-11-03 09:21:52 -0.01 0.96 0.21 -0.92 0.97 2.22 0.98 standing
2024-11-03 09:21:53 -0.01 0.97 0.20 -1.05 0.56 1.19 0.99 standing
2024-11-03 09:21:54 -0.01 0.96 0.20 -1.82 -1.12 1.24 0.99 standing
2024-11-03 09:21:55 -0.02 0.97 0.17 -3.45 0.76 0.46 0.98 standing
2024-11-03 09:21:56 -0.02 0.96 0.19 -3.42 -1.75 0.74 0.98 standing
2024-11-03 09:21:57 -0.02 0.97 0.18 -1.63 -2.56 0.82 0.98 standing
2024-11-03 09:21:59 -0.02 0.95 0.19 -1.17 0.38 2.23 0.97 standing
2024-11-03 09:22:01 -0.01 0.97 0.22 -2.45 -5.18 0.30 1.00 standing
2024-11-03 09:22:02 -0.02 0.97 0.17 -0.95 2.69 1.61 0.98 standing
2024-11-03 09:22:03 -0.01 0.96 0.18 -2.31 -0.98 1.34 0.98 standing
2024-11-03 09:22:04 -0.01 0.97 0.17 -2.92 0.27 1.37 0.98 standing
2024-11-03 09:22:05 -0.01 0.97 0.19 -0.98 0.42 1.24 0.98 standing
2024-11-03 09:22:06 -0.02 0.96 0.17 -2.61 1.34 1.05 0.98 standing
2024-11-03 09:22:07 -0.02 0.96 0.22 -0.92 -1.31 1.94 0.99 standing
2024-11-03 09:22:09 -0.02 0.97 0.17 0.21 3.55 1.60 0.99 standing
2024-11-03 09:22:10 -0.01 0.98 0.16 -5.95 -2.05 0.82 0.99 standing
2024-11-03 09:22:11 -0.01 0.97 0.18 -3.51 -1.66 0.53 0.99 standing
2024-11-03 09:22:12 -0.02 0.97 0.17 0.82 2.31 1.72 0.99 standing
2024-11-03 09:22:13 -0.01 0.98 0.19 -2.46 -1.63 0.96 1.00 standing
2024-11-03 09:22:14 -0.01 0.96 0.18 -3.35 0.03 -0.15 0.98 standing
2024-11-03 09:22:16 -0.04 0.98 0.20 -1.99 5.39 -0.60 1.00 standing
2024-11-03 09:22:17 -0.04 0.97 0.16 -2.50 3.05 1.29 0.98 standing
2024-11-03 09:22:18 -0.04 0.97 0.18 2.73 2.67 1.89 0.99 standing
2024-11-03 09:22:19 -0.03 0.97 0.15 0.61 3.72 2.44 0.98 standing
2024-11-03 09:22:20 -0.03 0.97 0.15 -1.89 -1.41 2.31 0.98 standing
2024-11-03 09:22:23 -0.02 0.97 0.13 -1.89 0.20 0.35 0.98 standing
2024-11-03 09:22:25 -0.01 0.97 0.19 -3.03 -1.98 2.05 0.98 standing
2024-11-03 09:22:26 -0.02 0.96 0.17 -0.31 5.78 2.11 0.98 standing
2024-11-03 09:22:27 -0.02 0.96 0.17 0.34 2.96 3.69 0.97 standing
2024-11-03 09:22:28 0.01 0.98 0.17 -1.92 3.15 3.59 0.99 standing
2024-11-03 09:24:12 0.09 0.98 0.10 -1.65 -0.86 5.77 0.99 standing
2024-11-03 09:24:13 0.10 0.97 0.08 -4.71 0.60 0.18 0.98 standing
2024-11-03 09:24:14 0.09 0.98 0.10 -1.64 0.05 1.69 0.99 standing
2024-11-03 09:24:15 0.08 0.98 0.10 -1.20 -0.92 1.38 0.99 standing
2024-11-03 09:24:16 0.09 0.99 0.08 -1.35 0.33 1.92 0.99 standing
2024-11-03 09:24:17 0.10 0.98 0.10 -1.08 0.22 0.74 0.99 standing
2024-11-03 09:24:20 0.05 0.98 0.12 0.60 2.98 -3.65 0.99 standing
2024-11-03 09:42:56 0.32 0.78 0.11 25.66 40.10 -22.39 0.85 walking
2024-11-03 09:42:57 0.19 1.02 0.12 -0.47 -30.82 12.40 1.04 walking
2024-11-03 09:42:58 0.32 1.05 0.22 2.41 -11.49 -8.73 1.12 walking
2024-11-03 09:42:59 0.48 1.10 0.23 -32.47 2.87 -5.06 1.22 walking
2024-11-03 09:43:00 0.21 1.34 -0.16 -46.47 138.74 85.17 1.37 walking
2024-11-03 09:43:01 0.36 1.00 0.18 -9.42 -51.40 -11.74 1.08 walking
2024-11-03 09:43:02 0.44 1.12 0.17 -19.82 -57.86 -8.41 1.22 walking
2024-11-03 09:43:03 0.49 1.04 0.16 -23.79 62.50 3.79 1.16 walking
2024-11-03 09:43:04 0.48 1.00 0.09 -3.58 78.63 -4.27 1.11 walking
2024-11-03 09:43:05 0.28 0.86 0.16 6.89 -22.79 -3.27 0.91 walking
2024-11-03 09:43:07 0.31 0.88 0.12 3.66 -14.70 -12.79 0.94 walking
2024-11-03 09:43:08 0.40 0.68 0.03 27.77 27.90 3.03 0.79 walking
2024-11-03 09:43:09 0.31 0.81 0.00 62.30 107.85 17.34 0.87 walking
2024-11-03 09:43:10 0.26 1.36 0.22 0.65 -22.02 40.32 1.40 walking
2024-11-03 09:43:11 0.21 1.08 0.29 -10.71 -30.61 18.11 1.14 walking
2024-11-03 09:43:12 0.22 0.95 0.20 11.27 57.42 23.22 1.00 walking
2024-11-03 09:43:13 0.35 0.92 0.07 40.19 152.95 20.82 0.98 walking
2024-11-03 09:43:14 0.18 1.07 -0.07 -5.43 -5.71 23.45 1.09 walking
2024-11-03 09:43:16 0.22 1.04 0.05 -31.89 8.08 -22.00 1.07 walking
2024-11-03 09:43:17 0.46 1.10 0.23 -28.15 -5.69 -10.53 1.22 walking
2024-11-03 09:43:18 0.51 0.94 0.04 4.52 107.66 12.79 1.07 walking
2024-11-03 09:43:19 0.36 0.68 0.03 36.94 64.69 1.85 0.77 walking
2024-11-03 09:43:20 0.49 1.03 0.08 -49.73 -51.82 8.57 1.15 walking
2024-11-03 09:43:21 0.25 1.01 0.38 7.24 4.21 12.53 1.11 walking
2024-11-03 09:43:22 0.22 0.87 0.20 10.56 98.14 17.11 0.92 walking
2024-11-03 09:43:23 0.27 0.88 -0.02 41.37 133.32 11.22 0.92 walking
2024-11-03 09:43:24 0.16 0.86 0.08 -6.80 -5.21 -17.35 0.88 walking
2024-11-03 09:43:26 0.34 1.05 0.06 -33.80 16.67 -27.59 1.11 walking
2024-11-03 09:43:27 0.45 1.05 0.16 -17.49 23.47 -7.06 1.16 walking
2024-11-03 09:43:28 0.46 0.83 0.03 31.24 83.63 4.66 0.95 walking
2024-11-03 09:43:29 0.17 0.68 0.12 10.69 20.38 -4.49 0.71 walking
2024-11-03 09:43:30 0.41 0.93 0.11 15.15 -8.85 -8.18 1.02 walking
2024-11-03 09:43:31 0.46 1.20 -0.00 -10.32 62.47 19.26 1.28 walking
2024-11-03 09:43:32 0.21 0.97 0.15 20.86 110.69 19.21 1.01 walking
2024-11-03 09:43:33 0.17 0.86 0.19 10.67 40.37 6.67 0.89 walking
2024-11-03 09:43:35 0.26 0.98 0.14 -7.26 -11.40 -11.76 1.02 walking
2024-11-03 09:43:36 0.11 0.90 0.06 19.11 21.53 -6.73 0.91 walking
2024-11-03 09:43:37 0.54 0.94 0.06 7.95 72.76 -4.36 1.09 walking
2024-11-03 09:43:38 0.31 0.81 0.15 12.72 -0.49 -7.44 0.88 walking
2024-11-03 09:43:39 0.21 0.76 0.15 11.65 14.39 -3.85 0.80 walking
2024-11-03 09:43:40 0.39 0.79 -0.03 2.34 15.51 5.22 0.88 walking
2024-11-03 09:43:41 0.31 0.96 0.15 17.10 164.69 30.31 1.02 walking
2024-11-03 09:43:42 0.19 1.03 0.19 -11.22 38.82 11.89 1.06 walking
2024-11-03 09:43:44 0.19 0.85 0.12 -1.84 -11.18 -1.45 0.88 walking
2024-11-03 09:43:45 0.14 0.81 0.12 7.18 21.75 7.91 0.83 walking
2024-11-03 09:43:46 0.27 0.98 0.11 24.15 136.13 9.25 1.02 walking
2024-11-03 09:43:47 0.26 1.06 -0.03 -9.69 29.03 11.28 1.09 walking
2024-11-03 09:43:48 0.31 1.09 0.28 -13.56 -4.57 -12.82 1.17 walking
2024-11-03 09:43:49 0.32 0.85 0.16 -0.85 -33.55 -9.20 0.92 walking
2024-11-03 09:43:50 0.34 0.78 0.04 30.91 72.83 12.11 0.86 walking
2024-11-03 09:43:51 0.45 1.12 0.07 6.97 111.69 33.23 1.21 walking
2024-11-03 09:43:53 0.18 1.01 0.23 -5.63 8.24 20.88 1.05 walking
2024-11-03 09:43:54 0.09 1.01 0.25 -5.95 2.23 22.41 1.04 walking
2024-11-03 09:43:55 0.22 0.79 0.15 29.31 91.46 23.59 0.84 walking
2024-11-03 09:43:56 0.39 0.85 0.09 20.69 191.44 38.68 0.94 walking
2024-11-03 09:43:57 0.22 0.91 0.01 -41.17 -20.38 -24.30 0.94 walking
2024-11-03 09:43:58 0.35 1.19 0.13 2.69 -9.54 4.82 1.25 walking
2024-11-03 09:43:59 0.45 0.83 0.03 8.08 18.08 -9.11 0.95 walking
2024-11-03 09:44:00 0.45 0.83 0.01 38.18 129.78 7.32 0.94 walking
2024-11-03 09:44:02 0.38 0.66 0.10 46.15 61.50 14.67 0.76 walking
2024-11-03 09:44:03 0.38 0.88 0.09 -45.56 29.71 -21.59 0.97 walking
2024-11-03 09:44:04 0.09 1.08 0.32 -4.95 46.13 26.31 1.13 walking
2024-11-03 09:44:05 0.21 0.94 0.20 15.60 92.12 27.57 0.98 walking
2024-11-03 09:44:06 0.17 0.91 0.13 38.11 118.59 3.05 0.93 walking
2024-11-03 09:44:07 0.12 0.64 0.19 -12.68 -85.61 -22.08 0.68 walking
2024-11-03 09:44:08 0.19 1.02 0.10 28.09 -27.65 -23.69 1.04 walking
2024-11-03 09:44:09 0.37 1.07 0.08 -28.18 76.49 -3.66 1.13 walking
2024-11-03 09:44:11 0.53 0.91 0.10 7.00 76.51 -5.04 1.06 walking
2024-11-03 09:44:12 0.49 0.85 0.17 3.79 -7.53 -8.05 1.00 walking
2024-11-03 09:44:14 0.31 0.85 0.10 5.80 -10.16 -8.25 0.91 walking
2024-11-03 09:44:15 0.23 1.33 0.29 54.19 32.08 44.30 1.38 walking
2024-11-03 09:44:16 0.42 0.88 0.06 40.68 66.94 19.89 0.98 walking
2024-11-03 09:44:18 0.24 1.07 0.12 -34.22 -26.20 -1.34 1.11 walking
2024-11-03 09:44:19 0.17 0.99 0.26 -17.06 -23.79 17.29 1.04 walking
2024-11-03 09:44:20 0.21 0.84 0.18 19.50 63.08 4.40 0.88 walking
2024-11-03 09:44:21 0.22 0.90 0.06 31.17 127.46 29.66 0.93 walking
2024-11-03 09:44:22 0.35 1.16 0.11 -41.51 17.53 -24.98 1.22 walking
2024-11-03 09:44:23 0.41 1.05 0.18 7.45 -11.97 10.01 1.13 walking
2024-11-03 09:44:24 0.37 0.82 0.11 19.60 7.36 -0.78 0.91 walking
2024-11-03 09:44:25 0.29 0.75 0.06 43.98 106.15 5.95 0.81 walking
2024-11-03 09:44:27 0.43 0.64 0.02 33.57 65.18 25.37 0.77 walking
2024-11-03 09:44:28 0.24 1.13 0.13 -49.44 -34.22 5.84 1.17 walking
2024-11-03 09:44:29 0.18 0.97 0.30 -11.59 -13.92 20.25 1.04 walking
2024-11-03 09:44:30 0.19 0.92 0.17 10.22 106.63 18.47 0.96 walking
2024-11-03 09:44:31 0.21 0.86 0.09 29.57 129.59 15.22 0.89 walking
2024-11-03 09:44:32 0.09 1.04 -0.06 -29.71 -34.50 -14.19 1.04 walking
2024-11-03 09:44:33 0.38 1.19 0.18 -7.11 17.78 18.44 1.27 walking
2024-11-03 09:44:34 0.36 1.01 0.10 2.83 33.27 2.81 1.08 walking
2024-11-03 09:44:36 0.45 0.86 0.03 11.81 101.27 -1.02 0.97 walking
2024-11-03 09:44:37 0.12 0.77 0.16 -7.66 5.75 -17.87 0.79 walking
2024-11-03 09:44:38 0.52 1.21 0.17 51.87 14.87 4.40 1.32 walking
2024-11-03 09:44:39 0.41 1.24 0.35 14.15 -7.37 37.14 1.35 walking
2024-11-03 09:44:40 0.14 0.99 0.17 9.56 133.15 18.38 1.01 walking
2024-11-03 09:44:41 0.17 0.86 0.14 12.49 67.66 0.67 0.88 walking
2024-11-03 09:44:42 0.14 0.91 0.15 8.20 -35.95 -8.17 0.94 walking
2024-11-03 09:44:43 0.18 0.68 0.14 4.86 16.96 8.18 0.72 walking
2024-11-03 09:44:44 -0.07 -0.31 -0.07 -67.56 50.68 109.70 0.33 walking
2024-11-03 09:44:45 0.55 0.95 0.09 16.58 66.58 -1.73 1.10 walking
2024-11-03 09:44:48 0.34 0.84 -0.10 2.66 13.19 -10.98 0.91 walking
2024-11-03 09:44:50 0.19 0.99 0.22 11.08 118.02 28.76 1.03 walking
2024-11-03 09:44:51 0.15 0.95 0.17 7.69 58.82 12.62 0.97 walking
2024-11-03 09:44:52 0.20 0.77 0.11 20.05 -10.02 4.28 0.80 walking
2024-11-03 09:44:53 0.12 0.79 0.12 11.51 15.30 7.21 0.81 walking
2024-11-03 09:44:54 0.13 0.85 0.10 17.53 146.93 9.01 0.87 walking
2024-11-03 09:44:55 0.17 0.98 0.03 32.58 76.67 7.12 0.99 walking
2024-11-03 09:44:57 0.05 0.83 0.09 0.08 -27.70 -18.43 0.83 walking
2024-11-03 09:44:58 0.24 1.14 0.08 -39.36 11.50 -8.85 1.17 walking
2024-11-03 09:44:59 0.45 1.09 0.17 -4.83 24.46 7.76 1.19 walking
2024-11-03 09:45:00 0.45 0.85 0.09 24.11 77.24 12.33 0.97 walking
2024-11-03 09:45:03 0.39 0.71 0.12 15.06 -16.09 -8.34 0.82 walking
2024-11-03 09:45:04 0.28 0.92 -0.09 29.65 174.63 37.46 0.96 walking
2024-11-03 09:45:05 0.12 0.98 0.07 12.22 5.06 -1.89 0.99 walking
2024-11-03 09:45:06 0.09 0.93 0.03 -29.40 -19.81 -17.92 0.93 walking
2024-11-03 09:45:07 0.22 1.10 0.12 -44.32 52.82 -38.30 1.12 walking
2024-11-03 09:45:08 0.47 1.04 0.09 7.53 75.11 13.70 1.14 walking
2024-11-03 09:45:11 0.29 0.87 0.12 9.04 5.08 -8.42 0.93 walking
2024-11-03 09:45:12 0.43 0.78 -0.05 -3.69 18.96 -1.21 0.89 walking
2024-11-03 09:45:13 0.23 1.05 0.34 -3.60 68.31 31.37 1.12 walking
2024-11-03 09:45:14 0.22 0.89 0.21 6.63 74.76 20.32 0.93 walking
2024-11-03 09:45:15 0.15 1.01 0.27 -3.01 -13.79 17.03 1.05 walking
2024-11-03 09:45:17 0.20 0.83 0.20 12.89 56.03 3.06 0.87 walking
2024-11-03 09:45:19 0.16 0.86 0.08 18.27 129.89 18.45 0.88 walking
2024-11-03 09:45:20 0.20 0.90 0.06 18.75 62.82 14.53 0.93 walking
2024-11-03 09:45:21 0.41 1.20 0.16 -4.72 32.76 6.76 1.28 walking
2024-11-03 09:45:22 0.28 1.04 0.15 -5.93 -27.90 0.17 1.09 walking
2024-11-03 09:45:23 0.28 0.97 0.22 -5.60 -76.22 -21.91 1.03 walking
2024-11-03 09:45:24 -0.02 0.78 0.20 1.00 -95.17 -17.11 0.81 walking
2024-11-03 09:45:25 0.10 0.95 0.20 -10.13 -40.88 -15.05 0.98 walking
2024-11-03 09:45:27 0.12 0.96 0.16 25.40 -42.63 -23.84 0.98 walking
2024-11-03 09:45:28 0.13 0.72 0.12 15.24 29.15 -6.82 0.74 walking
2024-11-03 09:45:29 0.21 0.84 0.05 20.79 58.73 7.23 0.87 walking
2024-11-03 09:45:30 0.07 0.11 0.01 38.92 138.09 30.58 0.13 walking
2024-11-03 09:45:31 -0.01 1.54 0.19 -24.44 2.34 0.79 1.55 walking
2024-11-03 09:45:32 -0.04 1.14 0.35 -12.27 -11.22 15.31 1.19 walking
2024-11-03 09:45:33 0.03 0.95 0.14 -0.71 68.98 4.31 0.96 walking
2024-11-03 09:45:34 0.05 0.94 0.01 -7.48 169.05 22.94 0.94 walking
2024-11-03 09:45:35 -0.09 0.93 -0.11 -26.05 -11.67 4.65 0.94 walking
2024-11-03 09:45:36 0.05 1.19 0.12 16.57 -33.23 -24.61 1.20 walking
2024-11-03 09:45:38 0.06 1.12 0.15 0.27 -13.18 -18.66 1.13 walking
2024-11-03 09:45:39 0.20 0.85 -0.08 23.18 106.33 3.24 0.87 walking
2024-11-03 09:45:40 0.18 0.67 -0.04 14.46 72.76 -10.18 0.70 walking
2024-11-03 09:45:41 -0.14 1.32 0.35 1.88 -10.46 8.08 1.37 walking
2024-11-03 09:45:43 -0.21 1.13 0.34 -14.94 -2.41 15.18 1.20 walking
2024-11-03 09:45:44 0.17 1.15 0.02 -15.37 63.50 -3.71 1.16 walking
2024-11-03 09:45:47 -0.08 1.29 0.10 -37.29 -21.70 6.21 1.30 walking
2024-11-03 09:45:48 -0.08 1.13 0.13 -25.11 103.74 19.47 1.14 walking
2024-11-03 09:46:04 0.26 1.04 -0.08 2.34 69.99 14.92 1.07 walking
2024-11-03 09:46:05 0.02 0.80 0.08 5.73 -42.85 -9.11 0.81 walking
2024-11-03 09:46:06 -0.06 0.79 0.09 1.44 25.90 -10.14 0.79 walking
2024-11-03 16:11:06 -0.18 0.28 -0.97 103.24 -226.15 -46.37 1.03 falling
2024-11-03 16:11:08 -0.46 0.82 0.05 64.90 -60.81 36.63 0.94 falling
2024-11-03 16:11:09 0.18 0.82 -0.39 5.44 51.18 -11.44 0.93 falling
2024-11-03 16:11:10 -0.09 0.42 -0.34 -53.18 205.73 63.21 0.55 falling
2024-11-03 16:11:11 -1.10 -0.14 -2.00 116.53 -250.14 -60.30 2.29 falling
2024-11-03 16:11:12 0.12 0.83 -0.47 19.71 -25.11 12.31 0.96 falling
2024-11-03 16:11:13 -0.18 -0.39 -0.99 -30.41 -1.91 71.89 1.08 falling
2024-11-03 16:11:14 -0.09 0.31 -0.55 55.05 61.95 89.35 0.64 falling
2024-11-03 16:11:15 0.27 0.69 0.11 3.24 -67.29 9.66 0.75 falling
2024-11-03 16:11:16 -0.18 -0.27 0.21 -126.20 206.27 -27.79 0.39 falling
2024-11-03 16:11:17 -1.63 -0.41 -2.00 6.89 18.02 12.10 2.61 falling
2024-11-03 16:11:18 -0.88 2.00 -2.00 -88.85 -250.14 42.39 2.96 falling
2024-11-03 16:11:19 0.07 0.66 0.70 31.66 -110.75 74.26 0.96 falling
2024-11-03 16:11:20 0.08 0.17 0.40 97.67 119.57 56.69 0.45 falling
2024-11-03 16:11:21 -1.00 -1.03 -1.89 -73.63 230.45 -62.35 2.37 falling
2024-11-03 16:11:22 -0.77 -0.56 -2.00 25.37 -38.79 -8.44 2.21 falling
2024-11-03 16:11:23 0.14 0.95 -0.13 16.74 18.24 3.16 0.97 falling
2024-11-03 16:11:25 -0.64 -0.30 -1.28 -115.50 148.43 -88.30 1.46 falling
2024-11-03 16:11:26 -1.36 0.90 -2.00 -162.05 -104.55 -63.60 2.58 falling
2024-11-03 16:11:27 -0.39 -1.03 -0.45 48.47 -250.14 55.97 1.19 falling
2024-11-03 16:11:28 0.20 0.52 -0.48 84.27 154.83 -42.06 0.73 falling
2024-11-03 16:11:29 0.07 -0.94 -0.49 -166.76 -231.40 64.92 1.06 falling
2024-11-03 16:11:30 0.05 0.74 0.27 84.10 -35.52 34.40 0.79 falling
2024-11-03 16:11:31 -0.11 0.52 0.18 -96.26 169.63 16.74 0.56 falling
2024-11-03 16:11:32 -2.00 -0.29 -2.00 -26.26 123.15 -45.54 2.84 falling
2024-11-03 16:11:33 -0.49 -0.64 -0.86 14.44 -168.79 42.13 1.18 falling
2024-11-03 16:11:34 -0.07 0.55 -0.12 23.02 -116.94 51.62 0.57 falling
2024-11-03 16:11:35 0.12 -0.25 0.42 -104.29 72.44 10.92 0.50 falling
2024-11-03 16:11:37 -1.43 -0.46 -1.74 41.57 -60.01 32.29 2.30 falling
2024-11-03 16:11:38 0.14 0.79 0.43 -23.52 -69.21 21.66 0.91 falling
2024-11-03 16:11:39 -0.14 -0.12 -0.39 -154.05 161.48 -64.13 0.43 falling
2024-11-03 16:11:40 -2.00 -0.73 -2.00 155.78 -250.14 55.62 2.92 falling
2024-11-03 16:11:41 0.10 0.46 0.17 7.47 -132.27 -6.38 0.50 falling
2024-11-03 16:11:42 0.08 0.37 0.23 116.89 137.06 -6.30 0.44 falling
2024-11-03 16:11:43 -1.27 0.35 -1.73 -35.60 88.62 -19.85 2.18 falling
2024-11-03 16:11:44 0.01 -0.00 0.21 93.33 -170.46 29.57 0.21 falling
2024-11-03 16:11:45 0.22 0.83 1.20 134.96 201.17 10.85 1.48 falling
2024-11-03 16:11:46 -1.82 -0.50 -2.00 -157.04 76.03 -82.38 2.75 falling
2024-11-03 16:11:47 -0.02 -0.24 0.10 -61.53 -96.81 38.94 0.26 falling
2024-11-03 16:11:48 -0.20 1.19 -0.20 26.75 185.29 -83.44 1.22 falling
2024-11-03 16:11:49 -0.92 0.36 -2.00 33.90 -201.86 -26.77 2.23 falling
2024-11-03 16:11:50 0.04 0.74 0.26 24.36 -48.87 58.95 0.78 falling
2024-11-03 16:11:54 -0.10 0.14 -0.84 -157.68 42.53 -44.41 0.85 falling
2024-11-03 16:11:55 0.12 0.03 0.49 134.10 -123.79 40.02 0.51 falling
2024-11-03 16:11:57 0.23 0.81 0.43 49.23 68.09 36.62 0.94 falling
2024-11-03 16:11:58 -1.19 -0.35 -2.00 -38.50 29.53 -38.50 2.35 falling
2024-11-03 16:11:59 0.10 -0.25 -0.26 27.98 -97.69 4.14 0.38 falling
2024-11-03 16:12:02 0.22 0.27 -0.38 84.18 103.44 -29.54 0.51 falling
2024-11-03 16:12:03 0.24 0.51 0.33 -94.87 59.46 -23.96 0.65 falling
2024-11-03 16:12:04 0.36 -0.00 0.57 94.87 -54.60 -18.50 0.68 falling
2024-11-03 16:12:05 0.33 1.39 -0.08 28.08 36.38 -41.76 1.43 falling
2024-11-03 16:12:06 -0.65 -0.16 -1.31 -63.04 116.06 24.40 1.47 falling
2024-11-03 16:12:07 -1.52 -0.78 -2.00 87.47 8.95 22.57 2.63 falling
2024-11-03 16:12:08 0.34 0.69 0.09 63.76 -35.80 3.43 0.77 falling
2024-11-03 16:12:09 0.08 -0.44 0.10 -157.14 47.55 -12.90 0.46 falling
2024-11-03 16:12:10 -1.34 0.20 -2.00 47.43 -35.40 4.80 2.41 falling
2024-11-03 16:12:12 0.34 0.58 0.08 20.63 -31.73 -27.01 0.67 falling
2024-11-03 16:12:13 0.07 0.25 -0.23 -138.05 127.78 1.27 0.34 falling
2024-11-03 16:12:14 -0.37 -0.31 -0.84 -9.08 -160.99 -63.27 0.97 falling
2024-11-03 16:12:15 0.30 0.68 -0.10 76.27 126.04 7.81 0.75 falling
2024-11-03 16:12:16 -1.30 -1.58 -1.54 -22.59 166.73 -64.40 2.56 falling
2024-11-03 16:12:17 -0.18 0.14 -1.16 132.69 -97.88 -30.13 1.18 falling
2024-11-03 16:12:18 0.22 0.47 0.00 51.06 214.49 -97.69 0.52 falling
2024-11-03 16:12:19 -1.71 -0.66 -1.40 157.98 -13.55 55.89 2.30 falling
2024-11-03 16:12:20 0.60 0.21 0.52 22.34 -37.27 37.02 0.82 falling
2024-11-03 16:12:21 0.02 -0.56 -0.05 -99.57 12.77 28.24 0.56 falling
2024-11-03 16:12:22 -1.14 -0.35 -1.62 75.76 7.71 25.92 2.01 falling
2024-11-03 16:12:23 0.33 0.73 0.06 9.83 -18.40 -1.71 0.81 falling
2024-11-03 16:12:24 -0.45 -0.11 -0.97 -109.60 91.91 -50.75 1.07 falling
2024-11-03 16:12:25 0.02 -0.31 -1.07 129.92 -35.03 -1.70 1.11 falling
2024-11-03 16:12:26 0.26 0.81 0.28 45.14 82.86 57.91 0.89 falling
2024-11-03 16:12:27 -1.42 -0.45 -1.69 101.91 28.58 28.94 2.25 falling
2024-11-03 16:12:28 0.38 0.79 0.01 10.07 -9.60 11.76 0.88 falling
2024-11-03 16:12:29 -0.03 -0.26 -0.23 -176.05 127.15 -58.34 0.35 falling
2024-11-03 16:12:31 -0.57 -0.42 -0.85 -58.26 -176.52 -167.50 1.10 falling
2024-11-03 16:12:32 0.45 0.83 -0.14 -3.52 46.31 15.79 0.95 falling
2024-11-03 16:12:33 -0.60 -0.28 -0.91 -191.86 108.87 -118.92 1.12 falling
2024-11-03 16:12:34 0.17 0.12 -0.39 159.60 -118.06 11.44 0.45 falling
2024-11-03 16:12:35 0.30 0.80 0.37 -43.85 -4.64 -5.12 0.93 falling
2024-11-03 16:12:36 -1.33 -0.27 -1.21 30.00 42.16 29.61 1.82 falling
2024-11-03 16:12:37 0.13 0.33 0.04 74.97 -107.70 7.64 0.36 falling
2024-11-03 16:12:38 0.04 0.63 -0.10 -127.25 4.01 52.60 0.64 falling
2024-11-03 16:12:39 -1.64 0.24 -1.48 23.84 38.96 -29.37 2.22 falling
2024-11-03 16:12:40 0.49 0.71 0.70 41.02 -13.50 -1.27 1.11 falling
2024-11-03 16:12:41 -0.16 -0.47 -0.17 -127.66 101.66 -19.47 0.52 falling
2024-11-03 16:12:42 -0.68 -0.37 -0.81 65.12 -108.21 -91.68 1.12 falling
2024-11-03 16:12:43 0.30 1.14 0.01 -27.33 66.56 -28.64 1.18 falling
2024-11-03 16:12:44 -1.82 0.38 -1.98 59.27 102.16 9.02 2.71 falling
2024-11-03 16:12:46 0.37 0.92 0.62 19.56 -66.27 32.21 1.17 falling
2024-11-03 16:12:47 -0.59 0.01 -1.35 -90.94 78.56 -2.83 1.47 falling
2024-11-03 16:12:56 0.41 0.82 0.36 -57.50 36.58 11.71 0.98 falling
2024-11-03 16:12:57 -1.11 0.68 -1.48 -135.27 144.97 9.70 1.98 falling
2024-11-03 16:12:58 0.02 -0.51 0.07 107.25 -106.26 -53.69 0.52 falling
2024-11-03 16:12:59 0.36 0.53 -0.07 -0.98 -24.81 29.28 0.64 falling
2024-11-03 16:13:00 -1.30 0.85 -0.71 -55.74 -16.04 -43.13 1.71 falling
2024-11-03 16:13:02 0.45 0.76 0.12 -39.18 48.18 14.02 0.89 falling
2024-11-03 16:13:03 -1.44 0.16 -1.15 62.58 58.98 5.74 1.84 falling
2024-11-03 16:13:04 -0.17 0.39 0.43 93.35 -61.39 110.24 0.60 falling
2024-11-03 16:13:05 0.07 0.53 0.12 99.27 -111.93 18.31 0.55 falling
2024-11-03 16:13:06 -0.24 -0.10 0.29 17.08 250.13 126.48 0.39 falling
2024-11-03 16:13:07 -0.36 0.51 -2.00 154.27 -246.15 -29.21 2.10 falling
2024-11-03 16:13:08 0.19 1.06 -0.19 -37.56 -67.27 17.47 1.10 falling
2024-11-03 16:13:09 -0.52 0.32 -1.15 -139.92 135.55 -46.06 1.30 falling
2024-11-03 16:13:10 -0.26 0.73 -0.10 173.02 -96.50 71.36 0.78 falling
2024-11-03 16:13:11 0.26 0.76 0.18 25.44 4.05 10.97 0.82 falling
2024-11-03 16:13:13 -1.53 0.51 -2.00 -4.23 75.14 -22.37 2.57 falling
2024-11-03 16:13:14 -0.10 0.62 -0.82 1.06 -160.29 -29.45 1.03 falling
2024-11-03 16:13:15 0.25 1.14 0.52 13.44 43.01 -15.69 1.28 falling
2024-11-03 16:13:16 -1.38 -0.29 -1.22 29.34 -21.98 21.87 1.86 falling
2024-11-03 16:13:17 0.26 0.81 0.79 -26.10 -71.96 -14.08 1.16 falling
2024-11-03 16:13:18 -2.00 -0.28 -1.54 -212.53 250.13 15.03 2.54 falling
2024-11-03 16:13:19 0.17 0.83 0.24 -9.31 -49.97 14.96 0.88 falling
2024-11-03 16:13:20 -0.23 -0.09 -0.87 -82.85 90.56 -41.24 0.90 falling
2024-11-03 16:13:21 -0.08 -0.27 -0.35 23.69 -190.53 25.45 0.45 falling
2024-11-03 16:13:22 0.22 0.40 0.38 -11.03 158.18 -37.30 0.59 falling
2024-11-03 16:13:23 -1.84 -0.36 -1.43 68.41 -30.95 21.38 2.36 falling
2024-11-03 16:13:25 0.16 1.08 -0.17 169.79 -61.59 9.93 1.10 falling
2024-11-03 16:13:26 0.15 0.87 -0.64 -0.96 54.08 -19.34 1.09 falling
2024-11-03 16:13:27 -1.66 -0.41 -1.47 104.47 3.19 33.81 2.25 falling
2024-11-03 16:13:28 0.25 0.58 0.24 73.77 -64.73 -14.66 0.68 falling
2024-11-03 16:13:29 0.01 0.71 0.24 -170.86 155.18 -72.41 0.75 falling
2024-11-03 16:13:30 -1.11 0.77 -0.72 22.15 -218.71 -9.52 1.53 falling
2024-11-03 16:13:31 0.24 0.72 0.44 30.14 -59.56 44.98 0.88 falling
2024-11-03 16:13:32 -0.44 0.37 -0.41 -63.53 225.37 -54.15 0.71 falling
2024-11-03 16:13:33 -0.12 -0.32 -0.57 118.52 -42.29 174.52 0.67 falling
2024-11-03 16:13:34 0.09 0.91 0.40 13.73 156.50 -2.53 0.99 falling
2024-11-03 16:13:35 -1.19 -0.14 -1.48 141.71 114.31 -5.28 1.91 falling
2024-11-03 16:13:36 -0.01 0.53 0.53 84.56 -71.03 60.92 0.75 falling
2024-11-03 16:13:37 -0.02 0.00 0.21 -170.63 134.04 -91.13 0.22 falling
2024-11-03 16:13:39 -2.00 0.07 -2.00 58.87 -250.14 145.40 2.83 falling
2024-11-03 16:13:40 0.41 0.99 -0.18 13.53 -5.56 2.23 1.09 falling
2024-11-03 16:13:41 -0.67 0.54 -0.77 -171.40 178.76 -29.86 1.16 falling
2024-11-03 16:13:49 -0.25 0.03 -0.45 -61.03 159.69 -30.52 0.52 falling
2024-11-03 16:13:50 -0.22 -0.15 -1.21 -161.80 -176.79 -20.29 1.24 falling
2024-11-03 16:13:51 0.32 0.75 0.03 4.82 75.14 4.10 0.81 falling
2024-11-03 16:13:53 -1.48 2.00 -2.00 63.21 -250.14 89.35 3.19 falling
2024-11-03 16:13:54 0.31 0.98 0.23 5.70 45.05 -110.32 1.05 falling
2024-11-03 16:13:55 -1.42 0.97 -1.94 35.59 85.52 31.89 2.59 falling
2024-11-03 16:13:56 0.21 0.83 0.49 17.26 -68.48 8.10 0.98 falling
2024-11-03 16:13:57 -0.29 0.34 -0.62 -30.69 186.39 -27.68 0.76 falling
2024-11-03 16:13:58 -0.30 -0.69 -0.19 -42.61 -204.95 -53.82 0.78 falling
2024-11-03 16:13:59 0.26 0.39 0.65 5.61 46.66 -0.95 0.80 falling
2024-11-03 16:14:00 -0.10 -0.03 0.26 -61.28 250.13 88.11 0.28 falling
2024-11-03 16:14:01 -1.22 1.05 -2.00 77.26 -23.53 38.98 2.57 falling
2024-11-03 16:14:02 -0.37 0.52 -0.17 122.76 -149.63 7.90 0.66 falling
2024-11-03 16:14:03 -0.09 0.67 -0.17 31.98 205.18 14.11 0.69 falling
2024-11-03 16:14:04 -1.67 -0.40 -2.00 -4.20 153.35 -40.49 2.63 falling
2024-11-03 16:14:05 -0.13 0.75 -0.33 -66.84 -210.44 20.44 0.83 falling
2024-11-03 16:14:06 -0.08 0.07 0.52 26.33 198.19 90.48 0.53 falling
2024-11-03 16:14:07 -1.96 -0.04 -2.00 -23.10 -84.00 2.62 2.80 falling
2024-11-03 16:14:08 0.50 0.93 -0.33 1.58 -47.17 -0.68 1.10 falling
2024-11-03 16:14:09 -2.00 0.73 -1.57 -33.95 162.47 -24.83 2.65 falling
2024-11-03 16:14:10 0.06 0.59 -0.14 54.87 -172.82 22.81 0.61 falling
2024-11-03 16:14:11 0.01 0.37 -0.06 -33.31 234.55 -29.62 0.37 falling
2024-11-03 16:14:12 -1.73 -0.60 -1.88 -200.39 -250.14 -62.93 2.62 falling
2024-11-03 16:14:14 0.51 0.61 0.01 -34.76 38.25 6.15 0.79 falling
2024-11-03 16:14:15 -1.59 0.65 -1.60 32.12 68.44 -1.49 2.34 falling
2024-11-03 16:14:16 0.36 0.87 -0.24 -14.91 -72.32 43.09 0.98 falling
2024-11-03 16:14:17 -0.72 0.37 -0.69 33.69 139.06 -140.47 1.06 falling
2024-11-03 16:14:18 -0.08 0.37 -0.31 51.10 -122.27 84.65 0.49 falling
2024-11-03 16:14:19 0.26 0.60 0.25 -79.13 145.60 -57.25 0.70 falling
2024-11-03 16:14:20 -1.94 0.90 -1.02 -43.14 -250.14 154.93 2.37 falling
2024-11-03 16:14:21 0.34 0.56 -0.33 12.56 -11.86 -39.30 0.73 falling
2024-11-03 16:14:22 -1.45 0.51 -0.93 -61.52 135.69 -31.58 1.80 falling
2024-11-03 16:14:23 0.33 0.74 -0.47 -32.30 -74.08 6.47 0.93 falling
2024-11-03 16:14:24 -1.26 0.20 -0.64 8.88 238.92 -59.75 1.42 falling
2024-11-03 16:14:25 -0.51 0.11 0.08 54.80 -247.74 24.36 0.53 falling
