2024-11-01 11:57:00 -0.09 -0.36 -0.20 -58.82 -91.16 -61.42 0.42 running
2024-11-01 11:57:01 0.02 -0.25 -1.29 -181.97 -55.95 184.90 1.31 running
2024-11-01 11:57:02 0.51 1.69 0.05 20.24 45.77 31.81 1.77 running
2024-11-01 11:57:03 0.07 0.56 0.26 64.96 -72.73 -35.63 0.62 running
2024-11-01 11:57:05 -0.13 1.68 1.14 -200.86 116.74 -103.55 2.03 running
2024-11-01 11:57:08 0.12 0.99 0.02 8.36 4.41 50.60 1.00 running
2024-11-01 11:57:10 0.18 0.97 -0.20 -70.62 -215.70 -36.01 1.01 running
2024-11-01 11:57:11 0.37 0.00 -0.22 -10.94 6.30 61.17 0.43 running
2024-11-01 11:57:14 0.00 0.34 -0.18 -13.82 79.22 -10.43 0.38 running
2024-11-01 11:57:16 0.60 1.33 0.55 -94.47 -10.66 36.31 1.56 running
2024-11-01 11:57:17 0.20 -0.14 -0.09 65.31 153.98 49.98 0.26 running
2024-11-01 11:57:20 0.13 0.07 -0.62 -89.54 -158.12 29.60 0.64 running
2024-11-01 11:57:21 0.14 2.00 -1.20 -76.84 -131.04 -250.14 2.34 running
2024-11-01 11:57:22 -0.24 1.80 -0.57 3.83 -30.54 -40.56 1.90 running
2024-11-01 11:57:24 0.53 1.75 0.56 56.56 75.24 -156.50 1.91 running
2024-11-01 11:57:25 -0.09 1.62 0.36 -56.11 -218.87 222.56 1.66 running
2024-11-01 11:57:26 0.34 1.61 0.55 -0.67 9.98 14.47 1.73 running
2024-11-01 11:57:27 -0.33 1.35 -0.85 68.94 250.13 5.58 1.63 running
2024-11-01 11:57:28 -0.11 0.30 -0.14 -100.21 -112.13 43.47 0.35 running
2024-11-01 11:57:29 0.25 0.89 -0.09 -5.37 18.96 -173.37 0.93 running
2024-11-01 11:57:30 0.04 0.39 -0.31 3.34 -151.29 -35.66 0.50 running
2024-11-01 11:57:31 0.45 1.44 -0.41 -32.72 -7.16 -238.56 1.56 running
2024-11-01 11:57:35 -0.65 2.00 -0.17 -31.50 -250.14 53.27 2.11 running
2024-11-01 11:57:36 0.06 0.56 -0.24 -92.24 -58.42 114.86 0.61 running
2024-11-01 11:57:37 -0.07 0.09 -0.06 -28.53 142.81 11.56 0.13 running
2024-11-01 11:57:38 0.07 0.09 0.19 -94.95 -56.40 40.43 0.22 running
2024-11-01 11:57:39 0.04 0.70 0.49 20.12 54.75 -8.43 0.86 running
2024-11-01 11:57:40 0.19 -0.10 -0.11 -124.49 -250.14 -5.74 0.24 running
2024-11-01 11:57:42 -0.43 0.23 -0.58 -111.40 -55.08 29.01 0.76 running
2024-11-01 11:57:43 0.78 1.69 -0.08 -18.49 -40.17 -153.66 1.86 running
2024-11-01 11:57:44 0.29 2.00 1.13 -21.41 -25.41 2.24 2.32 running
2024-11-01 11:57:46 0.33 1.10 1.03 -2.15 -67.90 77.89 1.54 running
2024-11-01 11:57:47 0.08 1.00 -0.24 -4.53 -14.56 -34.44 1.03 running
2024-11-01 11:57:48 0.25 1.08 0.13 31.95 20.79 86.99 1.12 running
2024-11-01 11:57:49 0.68 1.27 -0.42 6.31 114.06 -48.31 1.50 running
2024-11-01 11:57:51 -0.46 -0.43 0.12 -56.46 -1.68 -83.37 0.64 running
2024-11-01 11:57:52 -0.66 1.81 -0.33 -51.28 -235.12 215.18 1.95 running
2024-11-01 11:57:53 -0.05 0.45 -0.04 -37.49 -68.11 -41.82 0.45 running
2024-11-01 11:57:54 0.50 1.38 -0.52 -66.31 128.98 -82.63 1.56 running
2024-11-01 11:57:55 0.39 -0.14 -0.43 -33.11 12.02 -53.43 0.60 running
2024-11-01 11:57:56 -0.13 2.00 0.08 11.20 8.36 127.94 2.01 running
2024-11-01 11:57:57 -0.01 0.46 0.31 39.95 -76.12 6.02 0.55 running
2024-11-01 11:57:58 0.29 0.87 0.61 44.42 154.24 44.35 1.10 running
2024-11-01 11:58:00 0.11 0.30 -0.11 75.87 178.19 27.15 0.34 running
2024-11-01 11:58:01 0.01 0.34 0.27 9.69 21.37 36.84 0.43 running
2024-11-01 11:58:04 -0.08 0.13 -0.19 -37.07 -97.34 64.22 0.24 running
2024-11-01 11:58:06 -0.20 -0.11 -0.27 -11.87 44.53 163.67 0.35 running
2024-11-01 11:58:07 -0.02 -0.21 -0.26 -189.13 -102.79 47.47 0.33 running
2024-11-01 11:58:09 0.11 1.41 0.07 22.01 53.31 -8.61 1.42 running
2024-11-01 11:58:10 0.16 0.08 0.42 -53.47 -23.30 6.63 0.46 running
2024-11-01 11:58:11 0.77 1.56 0.43 -78.50 0.66 -18.67 1.79 running
2024-11-01 11:58:12 -0.27 1.81 -0.36 4.58 90.78 136.83 1.87 running
2024-11-01 11:58:13 0.23 0.40 -0.42 72.10 115.90 -28.81 0.62 running
2024-11-01 11:58:14 0.29 1.66 0.15 -53.99 -129.56 -156.54 1.69 running
2024-11-01 11:58:15 -0.46 2.00 0.03 58.36 158.33 -154.22 2.05 running
2024-11-01 11:58:16 -0.47 1.98 -0.61 -22.88 -12.16 -17.95 2.12 running
2024-11-01 11:58:18 0.25 2.00 -0.05 29.54 -156.11 102.69 2.02 running
2024-11-01 11:58:19 -0.06 1.74 1.02 100.93 -85.71 -49.01 2.02 running
2024-11-01 11:58:20 0.12 1.77 0.85 96.64 250.13 -26.01 1.97 running
2024-11-01 11:58:21 0.10 2.00 -0.51 140.63 19.46 -16.26 2.07 running
2024-11-01 11:58:25 0.08 2.00 0.52 25.28 100.48 24.48 2.07 running
2024-11-01 11:58:29 0.24 0.67 0.19 -119.02 -41.54 -27.89 0.74 running
2024-11-01 11:58:30 0.04 0.57 -0.42 -100.85 -250.14 -19.84 0.71 running
2024-11-01 11:58:31 0.23 1.08 0.72 -65.03 44.81 -48.96 1.32 running
2024-11-01 11:58:32 -0.02 0.36 -0.18 33.44 93.94 53.71 0.40 running
2024-11-01 11:58:33 -0.27 0.98 -0.66 77.72 172.23 31.07 1.21 running
2024-11-01 11:58:35 -0.43 -0.05 -0.47 0.39 -16.84 -92.85 0.64 running
2024-11-01 11:58:36 0.35 0.42 0.27 -60.18 -46.52 -33.11 0.61 running
2024-11-01 11:58:39 0.29 0.26 0.25 -50.02 84.85 -49.98 0.46 running
2024-11-01 11:58:40 -0.11 -0.19 0.20 -77.18 55.26 -51.56 0.30 running
2024-11-01 11:58:42 0.51 2.00 1.73 -5.25 64.51 11.73 2.69 running
2024-11-01 11:58:43 -0.03 0.42 0.19 76.84 159.89 57.58 0.46 running
2024-11-01 11:58:44 0.25 2.00 -0.36 37.83 117.40 0.01 2.05 running
2024-11-01 11:58:45 -0.57 1.18 -0.38 25.25 1.13 108.92 1.36 running
2024-11-01 11:58:47 0.13 0.23 -0.03 -6.50 -62.60 23.56 0.27 running
2024-11-01 11:58:50 0.37 1.02 1.54 23.54 208.75 -13.02 1.88 running
2024-11-01 11:58:51 -0.08 1.25 0.22 -15.77 -110.95 -74.14 1.27 running
2024-11-01 11:58:52 -0.11 0.09 0.08 -21.04 -180.04 28.02 0.16 running
2024-11-01 11:58:53 -0.12 0.04 -0.11 -37.08 -85.43 26.80 0.17 running
2024-11-01 11:58:55 0.36 0.47 0.15 -19.21 70.03 12.65 0.61 running
2024-11-01 11:58:56 0.17 1.37 0.38 39.95 104.60 78.10 1.43 running
2024-11-01 11:58:57 0.42 0.26 -0.01 16.81 -17.49 81.20 0.49 running
2024-11-01 11:58:58 -0.02 0.54 -0.71 2.66 -71.02 29.15 0.89 running
2024-11-01 11:58:59 -0.02 1.50 -0.30 33.33 131.76 67.81 1.53 running
2024-11-01 11:59:00 0.27 1.17 0.25 -25.39 -51.50 186.44 1.23 running
2024-11-01 11:59:01 0.05 0.25 -0.01 23.84 169.66 30.95 0.26 running
2024-11-01 11:59:02 -0.11 -0.26 -0.77 -102.27 -73.48 100.80 0.82 running
2024-11-01 11:59:03 -0.05 0.41 -0.17 -18.45 -107.37 61.61 0.45 running
2024-11-01 11:59:05 0.54 2.00 0.51 -66.84 -250.14 156.66 2.13 running
2024-11-01 11:59:06 0.73 2.00 0.57 26.76 154.42 3.75 2.20 running
2024-11-01 11:59:08 0.48 0.62 0.14 13.15 -21.11 19.95 0.80 running
2024-11-01 11:59:09 -0.06 0.61 -0.58 -1.36 -7.56 128.71 0.84 running
2024-11-01 11:59:10 0.45 2.00 -0.24 79.01 53.90 7.32 2.06 running
2024-11-01 11:59:11 0.14 1.57 0.77 114.17 244.18 45.81 1.75 running
2024-11-01 11:59:12 0.29 1.98 1.53 -165.60 -250.14 -96.37 2.52 running
2024-11-01 11:59:13 -0.29 -0.10 -0.40 -104.08 -154.36 105.51 0.50 running
2024-11-01 11:59:14 0.20 1.94 0.59 -2.12 1.76 -8.94 2.04 running
2024-11-01 11:59:16 0.02 1.14 0.31 -6.22 -2.15 -46.76 1.18 running
2024-11-01 11:59:17 0.36 2.00 0.75 25.08 -164.63 169.59 2.17 running
2024-11-01 11:59:18 0.28 0.90 0.24 -0.31 -32.35 -15.52 0.97 running
2024-11-01 11:59:19 -0.01 0.45 0.31 -88.22 -102.23 34.77 0.55 running
2024-11-01 11:59:20 0.05 0.22 0.15 -104.22 -247.65 -45.48 0.27 running
2024-11-01 11:59:21 0.18 0.75 -0.11 -5.60 61.84 -26.04 0.78 running
2024-11-01 11:59:22 0.60 2.00 2.00 72.57 67.06 -248.99 2.89 running
2024-11-01 11:59:23 0.28 1.95 -0.16 33.94 9.22 -15.39 1.98 running
2024-11-01 11:59:25 -0.11 1.40 0.64 93.67 250.13 75.36 1.54 running
2024-11-01 11:59:26 0.16 0.61 0.54 6.76 0.34 -30.60 0.83 running
2024-11-01 11:59:27 0.21 0.46 -0.36 -83.15 -182.50 -76.15 0.62 running
2024-11-01 11:59:30 -0.03 -0.56 -1.66 -80.71 14.28 -92.53 1.75 running
2024-11-01 11:59:31 0.06 0.22 0.15 -89.31 66.69 -95.08 0.27 running
2024-11-01 11:59:32 -0.75 0.16 -1.30 85.38 -34.69 151.05 1.51 running
2024-11-01 11:59:34 -0.22 0.26 0.00 -36.55 -134.71 -94.82 0.34 running
2024-11-01 11:59:35 0.13 2.00 0.45 6.09 -68.82 101.83 2.05 running
2024-11-01 11:59:36 -0.01 0.44 0.17 -54.31 170.27 -12.24 0.47 running
2024-11-01 11:59:38 0.73 1.90 0.29 -11.98 -19.63 -65.40 2.06 running
2024-11-01 11:59:39 -0.50 1.11 -0.80 -70.47 -250.14 56.73 1.46 running
2024-11-01 11:59:40 0.09 2.00 0.75 53.58 146.81 -77.56 2.14 running
2024-11-01 11:59:41 -0.04 0.26 0.39 -25.34 -26.73 32.52 0.47 running
2024-11-01 11:59:43 -0.82 2.00 0.96 45.84 250.13 -156.30 2.37 running
2024-11-01 11:59:46 -0.14 0.39 -0.11 -88.25 -191.18 4.95 0.43 running
2024-11-01 11:59:47 0.21 0.40 0.82 -61.66 9.16 14.71 0.94 running
2024-11-01 11:59:48 0.28 0.37 -0.35 250.13 -223.50 -250.14 0.58 running
2024-11-01 11:59:49 -0.11 0.27 -0.19 76.92 118.76 -30.21 0.35 running
2024-11-01 11:59:50 -0.42 1.88 1.48 142.62 250.13 -227.33 2.43 running
2024-11-01 11:59:51 -0.05 2.00 0.22 -23.64 -250.14 45.24 2.01 running
2024-11-01 11:59:52 -0.16 1.17 -0.07 23.34 -4.63 191.29 1.18 running
2024-11-01 11:59:54 -0.19 0.12 -0.31 12.37 91.02 125.24 0.38 running
2024-11-01 11:59:55 0.63 1.33 0.92 -31.53 74.85 -36.28 1.74 running
2024-11-01 11:59:57 1.04 0.90 1.38 11.24 92.73 -127.27 1.95 running
2024-11-01 11:59:58 0.18 1.18 -0.40 34.38 -3.40 79.24 1.26 running
2024-11-01 11:59:59 -0.09 -0.25 -0.31 -163.19 144.05 54.89 0.41 running
2024-11-01 12:00:00 1.02 1.63 0.54 -100.36 48.37 -83.00 2.00 running
2024-11-01 12:00:01 0.11 -0.08 -0.14 25.37 44.81 36.09 0.20 running
2024-11-01 12:00:02 0.27 0.63 -0.12 210.78 -56.44 68.53 0.70 running
2024-11-01 12:00:04 0.56 1.79 -0.23 -9.32 -164.86 -57.14 1.89 running
2024-11-01 12:00:05 -0.07 1.29 -0.47 -11.14 -158.97 51.95 1.37 running
